
 terminating on cycle limit
 tlim= 1.00000E-01   nlim=     65  cpulim= 1.00000E+05
 time= 3.68895E-03  cycle=     65   tused= 0.00000E+00
